臼奨		臼奨　	　	　	　	　	　	　	　	　	　	　	　	　	　	　	　	　	　	　	　
爺薯		118		爺薯	　	　	　	　	　	　	　	　	　	　	　	　	　	　	　	　	　	　	　	　	　
助巒		483		470	助巒	　	　	　	　	　	　	　	　	　	　	　	　	　	　	　	　	　	　	　	　	　	　	　
葡剩		717		704		234	葡剩	　	　	　	　	　	　	　	　	　	　	　	　	　	　	　	　	　	　	　	　	　	　
海敢		1032	1019	549		315	海敢	　	　	　	　	　	　	　	　	　	　	　	　	　	　	　	　	　	　	　	　	　	　
込櫛鴛	1392	1379	909		675		360	込櫛鴛	　	　	　	　	　	　	　	　	　	　	　	　	　	　	　	　	　	　	　	　	　	　
馴馴込櫛	1739	1726	1256	1022	707		347		馴馴込櫛	　	　	　	　	　	　	　	　	　	　	　	　	　	　	　	　	　	　	　	　	　
諜気臭	1582	1569	1099	865		550		344		691		諜気臭	　	　	　	　	　	　	　	　	　	　	　	　	　	　	　	　	　	　	　	　	　
耳爽		1142	1129	659		425		110		250		597		440		耳爽	　	　	　	　	　	　	　	　	　	　	　	　	　	　	　	　	　	　	　	　	　
気叫		965		962		482		285		600		930		1277	1048	680		気叫	　	　	　	　	　	　	　	　	　	　	　	　	　	　	　	　	　	　	　	　	　
寄銭		903		890		420		419		734		1094	1441	1284	844		323		寄銭	　	　	　	　	　	　	　	　	　	　	　	　	　	　	　	　	　	　	　	　	　
蔀掴		457		347		817		1051	1366	1726	2073	1916	1476	1299	1237	蔀掴	　	　	　	　	　	　	　	　	　	　	　	　	　	　	　	　	　	　	　	　	　	　	　	　	　	　	　	　	　	　	　
楳戯		832		722		1192	1426	1741	2101	2448	2291	1851	1674	1612	375		楳戯	　	　	　	　	　	　	　	　	　	　	　	　	　	　	　	　	　	　	　	　	　	　	　	　	　	　	　	　	　	　
俾巒		787		677		1147	1381	1696	2056	2403	2246	1806	1629	1567	330		424		俾巒	　	　	　	　	　	　	　	　	　	　	　	　	　	　	　	　	　	　	　	　	　	　	　	　	　	　	　	　	　
栽景		1106	996		1466	1700	2015	2375	2732	2565	2125	1948	1886	649		743		319		栽景	　	　	　	　	　	　	　	　	　	　	　	　	　	　	　	　	　	　	　	　	　	　	　	　	　	　	　	　
掴奨		1141	1031	1501	1735	2050	2410	2757	2600	2160	1983	1921	684		657		354		162		掴奨	　	　	　	　	　	　	　	　	　	　	　	　	　	　	　	　	　	　	　	　	　	　	　	　	　	　	　
貧今		1490	1380	1850	2084	2399	2759	3106	2949	2509	2332	2270	1033	1006	703		511		349	貧今	　	　	　	　	　	　	　	　	　	　	　	　	　	　	　	　	　	　	　	　	　	　	　	　	　	　
瑳巒		1493	1383	1853	2087	2402	2762	3109	2952	2512	2335	2273	1036	1009	706		514		352		213	瑳巒	　	　	　	　	　	　	　	　	　	　	　	　	　	　	　	　	　	　	　	　	　	　	　	　	　
掴拐		1609	1499	1969	2203	2518	2878	3225	3068	2628	2451	2389	1152	1246	822		503		665		837		624	掴拐	　	　	　	　	　	　	　	　	　	　	　	　	　	　	　	　	　	　	　	　	　	　	　	　
牽巒		2257	2147	2617	2851	3166	3256	3873	3716	3276	3099	3037	1800	1773	1491	1172	1116	1107	894		725	牽巒	　	　	　	　	　	　	　	　	　	　	　	　	　	　	　	　	　	　	　	　	　	　	　
墳社廸	279		333		762		996		1311	1671	2018	1861	1421	1244	1182	314		689		635		954		989		1338	1341	1406	2131	墳社廸	　	　	　	　	　	　	　	　	　	　	　	　	　	　	　	　	　	　	　	　	　	　
孱巒		722		734		1204	1438	1753	2113	2460	2303	1863	1686	1624	434		809		392		649		746		1095	1098	963		1688	443		孱巒	　	　	　	　	　	　	　	　	　	　	　	　	　	　	　	　	　	　	　	　	　
冷査		1253	1193	1663	1897	2212	2572	2919	2762	2322	2145	2083	893		1151	727		512		674		919		875		432		1157	974		531		冷査	　	　	　	　	　	　	　	　	　	　	　	　	　	　	　	　	　	　	　	　
海紐		1645	1585	2055	2289	2604	2964	3311	3154	2714	2537	2475	1285	1543	1119	904		1066	1223	1010	405		1130	1366	923		392	海紐	　	　	　	　	　	　	　	　	　	　	　	　	　	　	　	　	　	　	　
幄巖		1686	1626	2096	2330	2645	3005	3352	3195	2755	2578	2516	1326	1584	1160	867		1029	1182	969		364		1089	1407	964		433		41	幄巖	　	　	　	　	　	　	　	　	　	　	　	　	　	　	　	　	　	　
鴻巒		2478	2374	2844	3078	3393	3753	4100	3943	3503	3326	3264	2027	2121	1697	1378	1540	1653	1440	875		985		2199	1756	1225	833		796	鴻巒	　	　	　	　	　	　	　	　	　	　	　	　	　	　	　	　	　
侮框		2639	2535	3005	3239	3554	3914	4261	4104	3664	3487	3425	2188	2282	1858	1539	1701	1814	1512	1036	880		2360	1917	1386	994		954		161	侮框	　	　	　	　	　	　	　	　	　	　	　	　	　	　	　	　
遭巒		2399	2339	2809	3043	3358	3718	4055	3908	3468	3291	3229	2039	2297	1873	1603	1765	1937	1724	1100	1593	2120	1677	1146	754		736		700		861	遭巒	　	　	　	　	　	　	　	　	　	　	　	　	　	　	　
掴逓		2657	2597	3067	3301	3616	3976	4323	4166	3726	3549	3487	2297	2555	2131	1861	2023	2195	1982	1358	1714	2378	1935	1404	1012	994		729		890		258	掴逓	　	　	　	　	　	　	　	　	　	　	　	　	　	　
告爽		2190	2130	2600	2834	3149	3509	3856	3699	3259	3082	3020	1830	2088	1644	1394	1556	1728	1515	891		1565	1911	1468	937		545		527		672		833		209		467	告爽	　	　	　	　	　	　	　	　	　	　	　	　	　
廉芦		1224	1276	1707	1941	2256	2616	1963	2806	2366	2189	2127	976		1351	934		987		1149	1498	1501	1298	2023	945		542		866		1200	1241	2033	2194	2082	2073	2147	廉芦	　	　	　	　	　	　	　	　	　	　	　	　
声巒		1782	1837	2265	2499	1814	3122	3276	3364	2924	2747	2685	1667	2042	1625	1678	1840	2189	2192	1989	2714	1504	1233	1557	1891	1932	2724	2885	2448	2439	2563	691	声巒	　	　	　	　	　	　	　	　	　	　	　
廉逓		2006	2061	2489	2723	3038	3346	3500	3588	3148	2971	2909	1891	2266	1849	1902	2064	2413	2416	2213	2938	1728	1457	1781	2115	2156	2948	3109	2672	2663	2787	915		224	廉逓	　	　	　	　	　	　	　	　	　	　
鱗続直馴	3820	3875	4303	4537	4852	5160	5314	5402	4962	4785	4723	3705	4080	3663	3716	3878	4227	4230	4027	4752	3542	3271	3595	3929	3970	4762	4923	4486	4477	4601	2729	2038	1824	鱗続直馴	　	　	　	　	　	　	　	　	　
性尾		3896	3951	4379	4613	4928	5236	5390	5478	5038	4861	4799	3781	4156	3739	3792	3954	4303	4306	4074	4799	3618	3347	3642	3902	3895	403		4192	3560	3302	3730	2805	2114	1890	2650	性尾	　	　	　	　	　	　	　	　
撹脅		2161	2213	2644	2878	3193	3553	3900	3743	3303	3126	3064	1913	2288	1871	2004	2166	2411	2367	1924	2649	1882	1479	1492	1752	1793	2200	2361	1500	1491	1615	937		1084	1308	3122	2150	撹脅	　	　	　	　	　	　	　
嶷伯		2136	2188	2619	2853	3168	3528	3875	3718	3278	3101	3039	1888	2263	1846	1743	1905	2150	2106	1760	2485	1857	1454	1231	1355	1396	1870	2031	1170	1161	1285	912		1278	1502	3316	2547	340	嶷伯	　	　	　	　	　	　
酷剩		2618	2630	3100	3334	3649	4009	4356	4199	3759	3582	3520	2270	2528	2104	1806	1968	2121	1908	1303	2028	2339	1896	1377	957		939		1359	1520	659		650		774		1423	1789	2013	3827	2956	841		511	酷剩	　	　	　	　	　
瀬苧		3228	3280	3711	3945	4260	4620	4967	4810	4370	4193	4131	2907	3165	2741	2471	2633	2786	2573	1968	2691	2949	2546	2014	1622	1604	1706	1867	1235	977		1444	2004	2178	2402	4216	2325	1094	1092	714	瀬苧	　	　	　	　
湊圻		503		557		986		1220	1535	1895	2242	2085	1645	1468	1406	538		913		859		1144	1213	1562	1565	1458	2183	224		495		1026	1418	1459	2251	2412	2172	2430	1963	721		1280	1504	3318	3808	1658	1632	2144	2725	湊圻	　	　	　
柵才再蒙	578		696		1061	1295	1610	1918	2072	2160	1700	1543	1481	1035	1410	1365	1684	1719	2068	2071	2047	2772	813		1084	1615	2007	2048	2840	3001	2761	3019	2552	1152	1204	1428	3242	4239	2089	2064	2575	3156	589	柵才再蒙	　	　
咢寒		1253	1371	1736	1970	2285	2593	2747	2835	2375	2218	2156	1433	1808	1598	1667	1829	2178	2181	1978	2703	1119	1206	1546	1880	1921	2713	2874	2762	2753	2827	680		529		753		2567	2643	1613	1592	2103	2684	895		675	咢寒	　
屈銭再蒙	710		828		999		1201	1236	1526	1569	1786	1346	1455	1459	1167	1542	1497	1816	1851	2200	2203	2395	3120	989		1432	1963	2355	2396	3188	3349	3109	3367	2900	1568	1620	1844	3658	3734	2505	2480	2991	3572	1005	416	1091	屈銭再蒙